spawns: 
  default: 
    world: world
    x: 3299.4898905016607
    y: 71.0
    z: 7892.42070622781
    yaw: 179.63574
    pitch: 1.3839728
