lastAccountName: craftethipo
timestamps:
  login: 1595455449779
  logout: 1595455552431
ipAddress: 69.88.32.135
lastlocation:
  world: world
  x: 3306.5
  y: 71.0
  z: 7901.5
  yaw: 4.0071545
  pitch: 0.0
logoutlocation:
  world: world
  x: 3289.699999988079
  y: 71.0
  z: 7907.376100836072
  yaw: 225.23492
  pitch: 3.0339797
