lastAccountName: Im2bz
timestamps:
  login: 1595116599046
  logout: 1595118632834
  lastteleport: 1595117577904
  kits:
    claim: 1595117872692
    tools: 1595117497192
ipAddress: 136.33.251.170
lastlocation:
  world: world
  x: 3246.7762205124122
  y: 65.0
  z: 8177.370174421393
  yaw: 319.05173
  pitch: 18.59984
logoutlocation:
  world: world
  x: 3257.839343797848
  y: 44.0
  z: 8180.300000011921
  yaw: 357.34705
  pitch: 33.899868
