lastAccountName: PugmanPlayz
timestamps:
  login: 1595443466279
  logout: 1595443752933
ipAddress: 136.33.211.44
lastlocation:
  world: world
  x: 3298.5
  y: 70.0
  z: 7882.5
  yaw: 0.88278395
  pitch: 0.0
logoutlocation:
  world: world
  x: 3393.467733522694
  y: 43.0
  z: 7958.699999988079
  yaw: 269.02502
  pitch: 15.599779
