lastAccountName: WizardX
timestamps:
  login: 1595110211487
  logout: 1595114141341
  lastteleport: 1595111562657
ipAddress: 136.33.212.2
lastlocation:
  world: world
  x: 3107.347741706091
  y: 64.0
  z: 8303.03535015347
  yaw: 244.98303
  pitch: 24.864422
logoutlocation:
  world: world
  x: 3399.452382909238
  y: 75.0
  z: 7965.057668498688
  yaw: -329.00763
  pitch: 20.828152
