lastAccountName: NerdsGame2
timestamps:
  login: 1595431848979
  logout: 1595431922782
ipAddress: 75.159.10.253
lastlocation:
  world: world
  x: 3291.5
  y: 70.0
  z: 7890.5
  yaw: 0.85924387
  pitch: 0.0
logoutlocation:
  world: world
  x: 3307.8830346476743
  y: 71.0
  z: 7896.664657090286
  yaw: 248.18497
  pitch: 14.134013
