lastAccountName: AJokester
timestamps:
  login: 1595123204579
  logout: 1595124689884
ipAddress: 136.33.235.159
lastlocation:
  world: world
  x: 3308.5
  y: 72.0
  z: 7896.5
  yaw: 3.3686426
  pitch: 0.0
logoutlocation:
  world: world
  x: 4324.468046959684
  y: 96.0
  z: 7428.718336352378
  yaw: 300.99225
  pitch: 19.799849
