lastAccountName: _XxLoganxX_
timestamps:
  login: 1595208368728
  logout: 1595208482584
  kits:
    color: 1595085279644
    claim: 1595118152349
    tools: 1595116982392
  lastteleport: 1595117372070
ipAddress: 136.33.215.254
lastlocation:
  world: world
  x: 3299.4898905016607
  y: 71.0
  z: 7892.42070622781
  yaw: 179.63574
  pitch: 1.3839728
logoutlocation:
  world: world
  x: 3252.699999988079
  y: 59.0
  z: 8199.254471085353
  yaw: -185.24725
  pitch: 51.542328
afk: false
