lastAccountName: Brodster_Plays
timestamps:
  login: 1595443430728
  logout: 1595443755131
  lastteleport: 1595443742285
ipAddress: 136.33.212.2
lastlocation:
  world: world
  x: 3384.699999988079
  y: 67.0
  z: 7961.300000011921
  yaw: 45.68158
  pitch: 57.33404
logoutlocation:
  world: world
  x: 3349.699999988079
  y: 77.0
  z: 7884.7285614914945
  yaw: 275.78497
  pitch: 12.633975
